7760
1614
6870
403
9341
1794
8570
3634
8809
9667
9767
9810
4217
7241
1322
6394
5391
1152
7352
1991
7114
8302
6782
6994
1913
8452
4534
4538
3751
2209
7903
8258
4055
1213
3313
2445
3208
9694
4887
8378
3875
3030
9049
7833
7345
9460
8704
1091
468
5687
6460
2103
8675
5744
8835
7913
104
5191
2417
2914
6889
9512
8527
1071
2315
6363
5128
852
6732
6265
3406
8269
854
5247
1757
3196
2413
5989
1754
2907
982
1092
9063
4635
6254
3230
7275
5904
7029
2163
4123
7341
1771
7835
7671
7743
6669
2145
4715
5279
3883
9330
4845
1879
859
6390
1423
116
1442
476
5052
3138
885
9770
6043
8644
9781
7987
9829
7243
6462
392
3353
4075
3473
928
997
104
1331
5936
5824
6095
2007
9806
5596
7987
5296
1867
3336
7072
3552
1845
9028
2226
4159
3283
2473
4285
4537
475
7271
4571
1480
4663
2467
573
5211
9520
1446
1846
8621
4258
7363
8269
3904
5112
593
1017
2011
2394
6469
3813
5166
825
942
8320
9090
5448
7667
2931
9486
4050
2532
8580
6856
9741
655
8749
4790
4100
6470
3344
9480
2117
9691
7737
2410
5078
8667
8978
3929
6463
7899
857
2714
8986
8372
8347
5031
7927
7729
9804
8104
7117
2312
2206
3951
9090
4613
725
3566
203
7769
8963
6491
4858
3417
288
7474
352
413
3906
195
5318
9733
1492
7840
273
5202
1565
1672
8329
600
9101
1711
7796
1189
7318
8108
6098
1714
7082
7897
6191
3532
6876
9393
2503
702
2934
5740
3311
8546
4798
9822
419
8530
6280
5104
5037
106
5641
806
802
3609
1619
5295
1070
8233
3905
8544
7792
5684
7613
3098
3538
3168
1380
3101
6600
9055
7792
2628
1464
768
3058
7830
3418
7225
59
2191
6570
7537
5205
598
9129
3521
4888
5851
8453
6115
1767
742
1064
4775
4575
9899
9612
4542
7707
8221
9568
7634
8455
6913
3365
5124
430
3888
8627
9557
1442
2613
137
1211
2918
2351
2328
9085
5788
3205
141
2721
4705
1344
1390
2440
8439
3396
2958
3717
9339
4070
6542
6042
8877
7803
7021
7866
9445
3459
7988
6987
4823
916
4510
93
3038
9777
2740
6084
5686
3343
9676
5260
7211
5543
4049
506
6145
4511
1083
7185
7824
4194
9722
5629
4742
4524
794
3815
6351
1440
8548
8123
4874
385
6000
6886
7483
758
6631
4883
8056
4249
1099
6880
3653
6977
7846
4846
1851
3941
737
6606
5092
4384
5214
3288
7348
8396
6820
9222
6562
8307
2426
649
3554
3245
4992
9016
4396
1621
7285
480
8610
4225
8610
5772
9972
120
1329
3557
189
8619
697
6041
8264
3191
2379
7756
9977
7413
6905
7125
2590
8755
9282
5742
9604
3373
4977
2116
9207
3902
602
5050
7923
2727
8729
6791
7865
5176
1517
7628
2012
665
7052
1694
6971
4951
5678
8412
6778
3326
945
5218
4489
2845
1293
5000
551
1498
4086
6017
8201
3612
3190
3000
6560
3697
4951
5559
1475
5470
5112
4121
2649
8844
982
4144
3169
5296
9016
6576
4139
1222
7824
6207
2793
9640
621
9863
7215
2908
9121
3231
4581
3007
2963
8512
2705
1385
4904
5080
6586
7341
2225
1839
2655
2518
9046
3081
3449
9172
2591
9306
4570
1601
8828
672
3954
3354
9381
3542
702
7654
2092
9937
7032
4856
2237
5597
2284
8687
9
4851
2306
2537
2597
9501
1067
8104
5962
4546
3854
1361
2235
5701
3072
4961
3554
2428
8285
1990
2118
5436
1914
3257
9247
9469
785
9207
3326
640
1595
7973
7638
2473
5260
3103
4316
6420
1151
8028
9891
663
7197
9494
1266
5695
6022
8874
8314
6391
395
8486
770
8059
3545
9912
2605
8303
1185
2654
6635
7450
2435
4414
5772
7763
6278
8779
5041
5670
8655
2178
221
1879
2868
9573
4828
1359
2544
7570
7045
8932
2131
4354
2146
6467
4588
8189
3994
4539
9749
108
1258
4809
9726
1816
157
9363
9585
6887
5723
9765
2566
1862
7850
1698
9154
3982
6739
700
8388
4013
4719
744
8020
5826
7893
177
7332
9248
1577
8894
2737
9061
8074
6523
1643
946
3966
3856
4490
4728
6820
8831
8355
6263
7966
3918
8054
2012
8837
3957
2309
4483
3248
2199
3203
2494
6965
7591
6870
7534
8891
8183
2212
6353
5343
3965
2237
368
9955
7372
9578
4472
7027
1280
3732
1392
5337
2368
2587
2874
2825
2403
4941
5656
9897
1215
3876
8455
597
2923
3094
5987
6377
1307
9607
7446
6797
1131
6568
9767
5121
9704
9395
552
4489
6985
6899
1545
2088
3144
6615
1217
4617
9641
174
4185
8185
3611
235
5951
9777
5623
5201
3747
5416
7740
1789
8182
2243
2183
8328
5783
7861
914
3640
9556
524
2950
7300
3256
7987
9343
7150
5146
1185
5406
9034
8779
1300
5972
1906
1514
5210
2296
8697
6358
4859
8514
9622
9060
654
1502
9970
337
7630
450
8856
2619
5846
1488
8875
1754
3226
8304
9174
6743
9902
1861
6056
4783
8005
1011
5893
4606
9796
1130
4893
8472
61
9705
9032
1995
5764
6233
5332
1467
7098
8755
2616
318
9282
894
5809
9918
3708
1341
2951
5078
389
2396
8164
1257
1043
5427
7012
8764
3596
8820
2912
9057
4417
8424
4572
9593
4168
1337
4767
6655
6812
1375
214
59
8996
8618
787
9731
8827
5977
3840
1732
8861
2931
6047
559
8051
270
833
5242
1307
9989
4189
9101
3391
1297
5489
6914
5914
7139
2768
8653
2349
5577
3856
5978
6208
6938
5745
6235
1752
689
4612
8811
4973
5707
8035
424
4962
3798
9119
9151
2226
9113
9473
1815
1054
5454
4283
5742
7599
9375
8098
3821
3977
9455
4347
1326
1413
1136
5121
3988
2211
2134
264
9466
1166
5593
6477
8541
1920
6845
7766
8106
2728
4948
8329
5341
9112
2015
7775
1348
7968
1744
6411
2951
8815
3544
5283
3365
3106
168
1607
6017
1774
4891
5333
911
4511
8880
6619
9639
1682
674
7239
3366
1232
7448
1139
7955
8443
2079
670
1767
6005
955
5387
4601
5486
4928
9735
761
8999
9844
4403
5273
1634
3699
3710
9937
1054
4581
7977
5061
529
7345
5518
3475
5673
7194
3608
5773
3127
5207
1624
9553
1532
4275
2352
921
1282
3856
9448
3474
9744
8497
9965
8588
2895
8187
954
935
2665
8229
8220
4847
1674
2574
3530
409
3476
7314
3761
2955
6985
407
1804
6059
8303
9579
4406
5987
1815
2851
6520
5153
5152
5158
5263
3128
9348
117
9108
6407
6384
8180
9539
2316
1171
1092
3094
8213
4018
7909
1445
4414
2605
9626
5959
8195
9602
7898
1056
6628
3182
8321
7599
8029
2914
228
3527
5352
2763
3116
4015
9989
6261
4404
7534
1142
6322
4511
7360
4151
3609
2978
337
1016
2880
3731
5976
7701
6334
8471
9335
5759
6616
4669
569
305
9824
8657
2501
2459
665
4913
5127
1968
7708
9791
2580
4937
6586
1681
3742
2339
2957
9838
2439
7285
5038
998
6953
2913
7628
6289
1434
8209
5653
910
3741
6051
5496
5614
5197
6353
6620
2077
7824
7294
4340
3948
3714
9328
6985
1556
9369
9897
7137
1052
5084
1615
7179
8099
5755
3029
3925
2145
4826
9050
5782
9774
7539
7594
8587
4659
3144
90
3018
7251
8228
6107
7326
9494
5005
6543
4015
8549
9012
5586
8069
8849
435
8966
7306
3584
2088
4881
2578
5188
4895
4432
6607
9325
8697
413
5518
8422
2141
6839
6358
8893
515
6746
7228
864
4434
2483
4055
399
5533
950
9479
2050
7492
6077
4858
3872
2054
2197
5949
7964
64
4907
6505
7067
6938
532
1692
1772
511
1331
5027
3505
6731
1270
8353
5607
5269
6310
4270
8531
2820
3963
4379
5493
6586
9165
4741
1736
4223
7371
1999
3971
9418
1263
9785
6559
4173
4409
5220
7495
9850
3822
9587
376
9110
3478
5595
8180
9945
2521
6024
913
1227
5168
5031
1954
6391
4132
3869
7288
8192
5735
7391
7703
2834
2854
6345
6522
6184
1332
3135
4465
8279
6540
5557
8814
4880
9422
3780
6253
6438
5531
789
7424
5513
6321
5423
6573
3415
9274
186
1468
5652
2317
3080
7203
3607
8426
3828
2456
6819
8310
118
8317
6198
2645
8695
7885
3585
427
9517
9504
7144
6754
8548
7711
5283
1533
6232
3775
4013
479
4211
2027
3953
1117
2410
9111
3577
9452
2285
747
4675
7468
9716
4624
4538
7682
2784
8647
6898
8609
5537
919
255
4180
8707
1553
7927
913
2305
6699
8878
8938
3061
2014
2168
6871
1712
6209
757
5961
1331
5279
2292
5935
8064
4570
5510
3539
9911
8890
932
4891
7543
592
3635
4457
3502
1719
4058
6710
2621
9117
53
1348
6990
767
9656
9321
3397
7475
9458
4867
9801
6548
7843
8240
104
3121
5860
4897
3255
367
1058
9522
3554
2021
1199
7471
3910
9330
5454
1956
2766
9858
426
2615
8421
7392
7127
9976
1555
629
2918
797
7913
3269
9319
1204
8309
9702
2619
8189
2367
8536
9218
5094
5751
910
1788
3426
8051
1726
5493
1610
9903
9736
5734
1062
3480
6755
209
1390
45
7182
8426
9426
1919
6491
1224
1333
3900
1370
1358
3056
953
4792
3739
2059
4825
6464
549
2424
2104
2818
2100
6197
243
969
9067
6135
6025
7964
5508
8920
3097
9986
4953
3304
1273
6207
3759
4708
569
8487
6935
6298
7161
1204
1650
6749
6817
5194
2807
6545
3708
5957
3177
7953
9012
9107
7866
8604
4186
5361
9177
4998
8405
3281
3275
186
8280
465
4516
9381
697
2895
6750
8331
6359
7756
3492
1890
2470
7208
448
4427
7875
9291
4552
9469
2929
7452
3430
3270
9392
2002
7976
5900
2720
5245
8604
3862
259
6979
2665
266
4080
8587
6499
2144
6421
2075
638
9621
9071
5015
789
8346
5395
3630
409
4830
5170
3984
2913
4171
7909
5647
2842
1010
9951
3045
5710
7490
4201
7242
5643
6532
9143
4887
8422
4751
5510
1675
5102
7014
4798
4825
7961
3797
3749
2802
6236
3260
2841
786
3828
2288
4868
7247
4948
4589
1757
380
6554
9422
3924
3136
8346
1494
6668
2116
2056
1148
2363
8689
1858
4087
5566
342
6785
1572
511
6519
4260
5265
6952
5963
1050
5745
804
1927
4269
43
644
7535
409
1535
9738
6043
4816
5007
6007
9773
7488
767
9069
7108
3649
4326
4370
9068
9144
2342
9261
5738
1385
1274
4881
8073
6317
2522
686
2476
648
6691
5560
3929
6489
64
595
8458
2432
8359
3808
7202
1108
6432
6359
2513
8310
7700
3135
1100
2867
3738
7990
519
9637
2781
5350
3044
231
5651
5448
5329
7362
9033
9991
3163
9080
8930
8752
8098
8598
1663
5236
6772
3856
5814
1383
4317
8572
6179
7058
428
3100
9928
10
389
9096
5990
5894
3602
6762
929
6028
9059
7179
8513
2559
566
5161
5569
6928
4516
9934
3749
7688
9548
1980
5386
7996
498
4387
1752
1457
8738
6187
3699
7362
7205
3343
7956
2832
1194
248
7118
9897
5358
933
7794
112
3250
4533
9264
7964
8211
3965
4558
7021
3464
286
6877
9543
4834
7732
6944
1113
1702
6045
1036
6726
509
7395
5227
3737
410
4898
8654
92
2527
8578
7518
3326
2653
2448
1972
6978
2237
3308
32
6268
3998
7887
6228
4139
6644
9932
7834
2119
7788
3042
8204
7824
5397
8144
4991
2407
5909
6794
848
6752
1459
2762
5581
4797
9594
4733
1661
6025
6318
2368
9511
6860
7345
6458
5048
2454
3021
1470
9574
6223
9549
5372
1327
4333
2874
7300
8710
6337
1843
8392
7593
1149
4129
4882
8894
9638
1813
5420
8130
1257
3459
6518
5620
2347
6094
987
4566
7996
3566
4304
4404
7676
7429
2934
8466
7291
2722
6826
8271
6686
3778
5526
1571
2222
4579
3658
7655
8574
4030
6870
1350
2575
9056
3797
6665
4618
7397
3029
2090
9891
7630
6678
2170
2576
6057
3709
4204
1007
8852
6882
4625
754
3122
6908
6954
5609
2400
6189
2113
3538
485
2401
2283
5797
2505
9095
1528
2623
3645
6453
9960
8174
4048
440
3343
716
3050
2634
6721
1468
7175
6261
8928
6946
4044
6130
4613
5182
8728
1523
1841
5767
9993
1417
6222
7305
1318
843
7052
3592
5644
5700
7003
1564
3372
853
4535
9927
306
2984
7377
7245
5958
5330
6186
2246
2902
6166
9819
7080
4720
6720
7497
6397
3489
7030
8615
1214
7733
203
7941
6757
8286
6530
2489
7752
2613
8914
6520
2923
7810
245
2791
2907
8686
1468
1400
2190
166
6377
2454
6242
2546
5416
5095
9562
4079
6192
3397
9021
7823
2759
9150
9571
8721
9276
2583
6180
2473
6164
4747
6653
9926
8490
9421
4922
9423
7010
8200
3330
4839
2007
9709
5437
8875
8887
2774
7982
9588
2321
3820
1769
3109
2702
775
6432
7037
4598
9307
3332
7084
2005
2359
4138
4202
9261
645
72
675
9678
9998
8213
1384
6192
1296
6802
861
9613
63
1067
7609
426
5783
4704
4672
9524
5451
9901
9430
1730
1986
507
6241
3514
5712
8823
2664
2942
6341
6356
3751
5529
3623
2843
9147
4455
7145
5875
4626
7345
9650
5509
3053
4734
3661
4432
9763
7207
8238
4421
3875
9236
1210
4110
142
7757
2391
1420
5618
2636
4965
6400
1622
4391
5467
6661
4279
1714
7619
8124
6252
7669
1647
8376
8194
8819
8638
8578
916
5907
9021
2544
8307
8262
5288
8432
6624
6602
1732
9255
7946
543
8135
3368
4285
7801
127
5008
4163
1779
6211
7982
5263
3067
362
2713
5221
8227
9534
7943
7555
6152
7394
3645
1287
8285
9199
934
896
4037
7830
8112
7907
6839
7707
9366
6624
9446
1548
4098
4336
9357
4750
383
615
6484
3563
5632
1290
5606
6137
1165
113
5525
62
5146
5182
5367
6052
30
7779
5984
5066
6581
8435
1048
5357
6351
8770
8103
6663
8491
7912
4554
1113
4793
9176
7395
4247
8909
6063
8327
5031
1875
6635
7856
725
6237
1837
2908
1038
5370
6439
2608
6122
2902
939
5923
4661
9541
8962
3077
1540
1062
7508
9876
9421
1741
6721
363
4908
2085
1768
8619
7929
8355
1896
4910
2477
4094
745
4894
7886
622
7627
3138
2495
4311
1600
3821
5675
3324
8911
2142
20
5471
9665
9729
2749
1857
1410
6110
4302
8053
5741
6188
2502
5697
9007
579
2693
2604
9727
1653
7820
8759
3413
3180
7518
8886
171
5583
2016
9660
1659
1980
4863
1134
1776
2426
8332
7401
9781
5077
6720
1162
5475
3350
5706
462
3531
7569
429
3581
8103
8106
1010
9839
9423
4527
1878
9891
1274
1905
441
8999
1941
1117
1390
695
1506
4683
5266
6298
5232
3492
3747
7806
6172
2653
9617
7837
91
6590
6305
492
2363
4519
530
1287
9573
7480
1632
2626
8203
7221
2925
3680
9047
5371
3623
9996
8715
8626
4715
8672
9010
1930
8540
9523
792
7011
9757
1291
1483
8048
4906
4670
4347
9751
8813
683
3310
5658
8722
3769
9219
6077
1245
3845
2181
5780
2931
546
9888
1290
2620
5878
3693
6383
2587
8593
2596
2321
5928
4740
286
6228
9671
4044
1913
7013
6605
1040
5345
3314
4001
3222
6348
2008
4059
5845
8325
9053
9170
4495
5053
6622
4897
2034
9184
1818
4978
6127
202
2600
5539
7198
2975
5992
285
4353
2114
2115
4420
8592
7891
5148
2740
8457
6685
8915
6485
3148
2600
499
4327
2103
7205
9983
5148
8059
1190
8247
4173
2671
5129
7604
9435
9939
6532
1961
2572
2868
6870
4219
6498
3073
5395
8624
2654
1364
6187
4944
2181
9747
1125
9476
8662
1709
4234
5149
4861
8199
2210
9291
2270
1294
1849
2961
233
6154
7555
211
888
4615
1146
9090
7254
501
1783
8783
4414
7593
5976
8860
7925
6072
6382
7322
9352
2203
3345
3815
6119
9066
5025
3239
1769
3188
334
2793
3145
3110
3872
2455
3016
1094
3619
4852
240
8465
186
5557
4669
8402
1137
8926
698
7391
5074
7801
1631
8000
7983
7594
6806
1170
8681
6618
4845
5764
1104
4847
9311
6807
8653
2739
7553
1499
9858
235
9596
3904
5185
3584
1559
5003
2014
4278
7260
4725
8487
38
2435
6506
7258
2522
8307
2950
6976
258
5111
3246
2778
8120
1633
9137
7017
6630
3807
6440
7993
5330
4005
3391
7542
4523
2737
5406
8012
8805
6231
8253
5354
3960
6541
8089
7867
6057
5716
7310
9445
7850
1887
9767
2122
2984
3096
7543
5148
2901
4189
4164
6894
4839
3149
5918
1439
1868
5884
3765
3894
7522
2674
3221
7212
8238
5216
8554
8519
6584
544
649
4850
7017
6969
4964
6597
3818
7609
7175
1904
7727
9104
9274
6841
3829
6666
8177
4213
8262
1727
2226
8583
5450
5173
8348
6268
722
7352
4109
6857
5414
5918
4398
7163
2877
3895
2077
9409
4131
3326
5551
2929
1370
4345
3951
2698
5982
5601
2345
8592
5311
9557
5270
6456
8994
5411
6739
5755
1383
3115
8837
8885
1290
4291
9051
4053
4105
9713
8540
7058
4190
8480
9713
7264
7370
984
1675
9588
4349
6365
6364
7432
5900
5245
6559
1145
9814
253
9288
2799
7752
84
4670
890
7382
7645
698
7873
1499
9248
9081
9385
1146
9713
5886
6457
4234
7767
3444
1066
4600
7187
6731
956
9008
1762
8284
1839
1210
6327
590
3776
2859
1893
3853
3865
798
195
58
9146
9045
1871
1313
2122
1662
2907
1635
6179
9625
6004
6497
9796
777
7071
3774
6485
7019
2197
3009
2076
6991
7100
7347
2176
5674
9376
3923
433
4578
3598
4015
2553
7480
766
3837
1942
7042
6512
526
328
7054
6963
5533
719
3545
7252
9437
678
5540
5269
8015
1049
2859
2462
9277
8962
4046
4210
5173
4275
2201
4653
9646
5415
359
4696
6829
4006
853
7376
9282
7648
5066
1764
6431
6731
947
5146
7567
4267
5713
3353
2149
7400
282
803
2522
5433
139
5054
624
2047
4584
5510
762
8683
2617
2272
5141
2011
9058
9076
7441
835
8933
